&Xtlvecs
   xorigin = 669.8333129882812
   yorigin = 451.37498474121094
   avec = 0.8203021693734827,-0.26404340645274116,-0.5073316769431913
   bvec = -0.6373246763906584,0.6642390261555836,-0.3906453289051649
   cvec = -0.5082262257737993,-0.7433756616997772,-0.4348548367307621
/ 
