&Calibration
   pA = 182.37762830179938,  159.78529887830655
   pB = 55.126784339901754,  93.22368095810693
   pC = 44.34864909242932,  82.28234944356346
   pD = 235.7347421256339,  97.74026502955557
/ 
