&Calibration
   pA = 17.76690541780647,  95.61110461347084
   pB = 47.22136860159108,  55.069943464649256
   pC = 97.7370762913,  46.46509488804002
   pD = 114.91974981645008,  58.72169696028459
/ 
