&Calibration
   pA = 15.7107417053641,  96.12742252871186
   pB = 50.45834120201463,  55.42261358896303
   pC = 100.08537540430656,  45.98819534000533
   pD = 107.90731180920885,  60.315801373848764
/ 
