&Xtlvecs
   xorigin = 415.91068313953485
   yorigin = 208.34231468023245
   avec = 0.609500386463414,-0.2761727730964945,-0.7431270943123666
   bvec = -0.16113707208145492,0.9703701754671187,0.1800460123549787
   cvec = -0.7752481156457328,-0.011555330832799325,-0.6315511329394355
/ 
