&Xtlvecs
   xorigin = 416.82038834951436
   yorigin = 203.10072815533977
   avec = 0.6297533458653068,-0.22520390792533906,-0.7434338728001347
   bvec = -0.2385195997848432,0.9540241688834136,0.18151111730357
   cvec = -0.7717751312473417,-0.07276497444270823,-0.6317186124236809
/ 
