&Xtlvecs
   xorigin = 712.25
   yorigin = 684.1875
   avec = -0.9274638004283153,-0.36444039572511894,-0.08363071719640244
   bvec = 0.7753121730648516,-0.5183054917517844,-0.36090227419261084
   cvec = -0.10182277244694282,0.46137642861787276,-0.8813421095846011
/ 
