&Calibration
   pA = 99.17813841680655,  98.97438736261003
   pB = 139.98481675660574,  59.172485793731674
   pC = 142.09105242349563,  59.166658708430326
   pD = 84.50062266884407,  65.37985305014936
/ 
