&Xtlvecs
   xorigin = 702.3332519531249
   yorigin = 643.7499389648435
   avec = -0.9868633585900818,-0.053093758993180605,-0.15258363027624516
   bvec = 0.5541248594952023,-0.8322512516376326,-0.017421085988442442
   cvec = 0.1455649750978057,0.11748225129693514,-0.982348593247315
/ 
