&Calibration
   pA = 56.64801668776571,  124.0654110465032
   pB = 45.80664086332966,  36.91688597552515
   pC = 67.35525166449244,  15.199442590007758
   pD = 89.4578535548862,  57.60562572099374
/ 
