&Xtlvecs
   xorigin = 722.25
   yorigin = 403.6875
   avec = -0.5516019867054756,0.8134511763505482,-0.1844788116735399
   bvec = -0.18259594019399117,-0.8503909774540173,-0.493451018936503
   cvec = 0.6446432476048387,0.2754000971352356,-0.7131548708488145
/ 
