&Calibration
   pA = -168.02204809160446,  95.27935966336132
   pB = -32.421194193693694,  48.84286259973869
   pC = -485.9388884574398,  -3.316035374880844
   pD = -153.8997608657684,  72.54216739004704
/ 
