&Calibration
   pA = 422.7844934591964,  129.93529732725105
   pB = 684.9045350445685,  92.86860500755759
   pC = 250.24447851603105,  67.8623209188358
   pD = 117.08576541442538,  75.41811229302397
/ 
