&Xtlvecs
   xorigin = 758.65625
   yorigin = 571.9921875
   avec = -0.8933713027946403,0.436855199764514,0.10509638329511652
   bvec = 0.6470111193167093,-0.004832662027269452,0.7624652496070029
   cvec = -0.38520210004642713,-0.8650590371774278,0.32139104579543526
/ 
