&Calibration
   pA = -164.70824194583247,  99.54516119752849
   pB = -228.09853741131454,  55.7080709050713
   pC = -173.27486516211476,  28.024588933081372
   pD = -133.37415346814774,  44.50131106697397
/ 
