&Calibration
   pA = -21.510226238570944,  99.6936367381441
   pB = 67.1175034229496,  68.7047414218385
   pC = 267.238894192259,  55.32884202233596
   pD = 324.1173079641738,  36.18732265205937
/ 
