&Xtlvecs
   xorigin = 884.25
   yorigin = 399.1875
   avec = -0.30394431473925454,0.9516116551016681,0.04531127246446087
   bvec = -0.6693112358052147,-0.7335967958161864,-0.11772090210799672
   cvec = 0.0909723639243031,0.07633487701620802,-0.9929234691319087
/ 
