&Xtlvecs
   xorigin = 509.83331298828125
   yorigin = 748.3749847412109
   avec = -0.6334565438196879,-0.7624263386976965,0.1320563711149208
   bvec = 0.9862246583147228,-0.1651637699050903,-0.009047233983206567
   cvec = -0.03315004092146634,-0.14376739916275666,-0.9890561206144383
/ 
