&Xtlvecs
   xorigin = 860.9072978303747
   yorigin = 677.8698224852071
   avec = 0.35598100141744915,-0.15127627977181932,-0.9221675627608188
   bvec = -0.8823053073111371,0.45314364279616,0.12727208525056188
   cvec = -0.4602880231231731,-0.8871874741047524,-0.032145319425868235
/ 
