&Xtlvecs
   xorigin = 861
   yorigin = 678
   avec = 0.35594881684793206,-0.15186709928265468,-0.9220828725987863
   bvec = -0.8824558940146563,0.4529261639646776,0.12700190988735333
   cvec = -0.459972703970358,-0.8873773018374616,-0.031410759078128396
/ 
