&Calibration
   pA = 160.64144418779438,  88.69940652738276
   pB = 180.97425717570604,  28.32503675234917
   pC = 96.2794708002919,  21.7920636047329
   pD = 153.24038223171192,  33.08986683949738
/ 
