&Xtlvecs
   xorigin = 745.8333129882812
   yorigin = 439.37498474121094
   avec = -0.3882806005742171,0.881158848501863,-0.26980967166615166
   bvec = -0.22269659083664248,-0.8247351021058541,-0.5198252011822665
   cvec = 0.785854641021761,0.1636815116905522,-0.5963563078523235
/ 
