&Calibration
   pA = 49.694782639065835,  117.35526073540015
   pB = 43.624859385630074,  33.94507002445776
   pC = 50.30319660344446,  13.428990270749523
   pD = 49.45998542235024,  54.66572999344096
/ 
