&Xtlvecs
   xorigin = 594.25
   yorigin = 472.6875
   avec = 0.7743994069737864,-0.5225566503808762,-0.35670731086055196
   bvec = -0.1582389374481101,0.9363185605665321,-0.3134772588464919
   cvec = -0.5748114316584405,-0.3454882361343662,-0.7417746940463379
/ 
