&Calibration
   pA = 98.30519065354615,  115.80230174619103
   pB = 116.62117256041846,  36.68907709432044
   pC = 114.94160747675295,  28.236915199042837
   pD = 117.97059047183183,  58.35741634644973
/ 
