&Xtlvecs
   xorigin = 777.8333129882812
   yorigin = 457.37498474121094
   avec = -0.7707102738092793,0.6032604064432291,-0.20514033212115018
   bvec = 0.21292818159096372,-0.7639393656148693,-0.6091454958778868
   cvec = 0.6052803212450409,0.5925401813443649,-0.5315372669962916
/ 
