&Calibration
   pA = 107.25838080906762,  75.19077753289714
   pB = 177.22071182990845,  40.01866014234032
   pC = 151.028465403786,  33.86963537378059
   pD = 102.80713335057729,  16.44533884226079
/ 
