&Xtlvecs
   xorigin = 693.8333129882812
   yorigin = 538.3749847412109
   avec = -0.04692253313374914,0.9915884002972714,-0.12062636643872891
   bvec = -0.23364711619052672,-0.6076381884111417,-0.7590684139656165
   cvec = 0.9537602678724584,0.008583362702352718,-0.3004457976284176
/ 
