&Xtlvecs
   xorigin = 585.8333129882812
   yorigin = 424.37498474121094
   avec = 0.9323832228964933,0.0595859261498701,-0.35652635676203626
   bvec = -0.767258993321055,0.33222375523610603,-0.548580908913883
   cvec = -0.09902575973360961,-0.90648113325978,-0.4104702838857482
/ 
