&Calibration
   pA = 337.3376044271858,  100.33245898412184
   pB = 360.6867248536013,  48.97501610062507
   pC = 223.39349390342872,  62.04480049349209
   pD = 111.20167075988982,  48.91273585680721
/ 
