&Calibration
   pA = 32.56258302628757,  64.61749701073215
   pB = 192.1285815173608,  49.641782956765454
   pC = -19.80272234503672,  47.31054699515057
   pD = 26.789729417258382,  39.710172424869945
/ 
