&Calibration
   pA = 337.33760442718574,  100.33245898412189
   pB = 360.68672485360133,  48.975016100625055
   pC = 223.39349390342883,  62.044800493492104
   pD = 111.20167075988999,  48.9127358568072
/ 
