&Xtlvecs
   xorigin = 481.75
   yorigin = 667.3125
   avec = -0.07588846467045203,0.48651926208334456,-0.8703677088172787
   bvec = -0.1789245855006149,-0.983025663401912,0.04057755286687026
   cvec = 0.9651587928404707,-0.1833774725619152,-0.18665799516637202
/ 
