&Xtlvecs
   xorigin = 760.65625
   yorigin = 573.4921875
   avec = -0.8812301691808656,0.4537906655945537,-0.13231561035915074
   bvec = 0.6689215715433106,-0.019495454913761368,-0.743077289628564
   cvec = 0.39234540855277394,0.8583245808110447,0.3306720344436478
/ 
