&Xtlvecs
   xorigin = 810.25
   yorigin = 595.6875
   avec = -0.8281729955347269,0.3972276817708192,-0.3953981010349159
   bvec = 0.17559791055569718,-0.9804958473412466,-0.08827948320557857
   cvec = 0.4881534060382537,0.1645930521288995,-0.8570970653106593
/ 
