&Calibration
   pA = -155.5756094000673,  150.6528764938363
   pB = -36.514403398738224,  94.89029652089665
   pC = -46.61353923599524,  80.58732178713574
   pD = -231.28455150980432,  102.50776787405492
/ 
