&Calibration
   pA = 70.06567826975646,  106.83562683308416
   pB = 45.98830648297209,  64.02101761779966
   pC = 138.36457606586387,  60.27747367644077
   pD = 62.875858900207334,  72.43028090027359
/ 
