&Xtlvecs
   xorigin = 608.5470085470085
   yorigin = 294.6520146520146
   avec = -0.20652960336332743,0.9708296815090918,0.12180005104901148
   bvec = -0.34444481085865486,-0.4876529510351302,-0.802217159888315
   cvec = 0.8307147485067206,0.239756231724609,-0.502424079799756
/ 
