&Calibration
   pA = 176.77108978322983,  65.1581571274031
   pB = 184.47502546569413,  18.37150534601714
   pC = 226.44270051877086,  24.465183892807193
   pD = 200.68431045301784,  24.48953572088685
/ 
