&Calibration
   pA = 177.21792248279257,  64.38160443864308
   pB = 192.42076147903575,  13.918410728112843
   pC = 224.95313027143717,  25.23149431521099
   pD = 200.48383957501903,  28.76611741565311
/ 
