&Calibration
   pA = 176.43223526994717,  63.721683432851385
   pB = 185.11094737265353,  20.492597059597593
   pC = 223.22082703200604,  26.493714279936743
   pD = 199.710683289753,  21.950762659051346
/ 
