&Xtlvecs
   xorigin = 712
   yorigin = 684
   avec = -0.9314098545357433,-0.3547248267193069,-0.08152288134421577
   bvec = 0.7693678640795478,-0.5279535759284355,-0.3596360818745142
   cvec = -0.0976086264096704,0.45921248275176924,-0.8829475928589269
/ 
