&Xtlvecs
   xorigin = 712
   yorigin = 684.2
   avec = -0.9277238135468653,-0.3637663087768978,-0.08368152948465696
   bvec = 0.7749467260977669,-0.5188307779226399,-0.3609323975352461
   cvec = -0.10147334309720224,0.4615272321532126,-0.881303452064992
/ 
