&Xtlvecs
   xorigin = 712
   yorigin = 684.2
   avec = -0.9271838545667874,-0.3746065934159121,-3.7843667304341506e-17
   bvec = 0.7721325660670206,-0.5763615820900656,-0.26761656732981753
   cvec = -0.1157598035704231,0.28651556797120703,-0.9510565162951536
/ 
