&Calibration
   pA = 187.86832427468337,  71.88315368623672
   pB = 182.2218429612596,  34.528575282170635
   pC = 223.8706100023238,  16.06862621520169
   pD = 216.41001425496694,  6.267394817154228
/ 
