&Calibration
   pA = 134.1943055344298,  70.44100251650882
   pB = 67.49104905234888,  32.570304577504814
   pC = 175.827605166002,  40.04245733221012
   pD = 212.71702583603513,  16.83603822149888
/ 
