&Calibration
   pA = 88.05513232974849,  99.32177925360183
   pB = 124.96416312703025,  58.55967399253554
   pC = 125.32391198471726,  59.6414817544625
   pD = 74.2187826675985,  65.05325073554265
/ 
