&Calibration
   pA = 289.68968761051383,  97.27806090895456
   pB = 399.1281643049619,  62.06057912925478
   pC = 428.9747446093889,  56.77356206626301
   pD = 261.0624143931141,  67.07200249275598
/ 
