&Calibration
   pA = 61.558183175120845,  100.74140174376986
   pB = 89.49692809432214,  55.96606110438964
   pC = 85.32817784477564,  61.53214283695637
   pD = 49.76251711022551,  63.777981021318304
/ 
