&Calibration
   pA = 511.4048139881362,  72.84963225426976
   pB = 164.41321426524038,  20.408918413015762
   pC = 94.83626735996059,  18.200379779122105
   pD = 241.74099804500656,  34.79091415416155
/ 
