&Calibration
   pA = 744.8481095835302,  70.51685169568765
   pB = 135.63541021285621,  24.86325275479587
   pC = 95.2313358778679,  18.982174776880107
   pD = 239.3608081811053,  39.99180096684052
/ 
