&Xtlvecs
   xorigin = 521.8333129882812
   yorigin = 604.3749847412109
   avec = -0.08623965793681515,-0.9302965539724043,-0.3565263567620358
   bvec = 0.8975261629087418,0.43920842754635053,0.039277780825460906
   cvec = -0.13862110263517693,0.36558330644116277,-0.9203983028861769
/ 
