&Xtlvecs
   xorigin = 514.65625
   yorigin = 604.9921875
   avec = -0.10347072992635588,-0.9557247908357581,-0.27547038358134457
   bvec = 0.910018760339004,0.41237835075739016,0.042543526624825134
   cvec = -0.08422168571513285,0.28438104257342844,-0.9550047802394243
/ 
