&Xtlvecs
   xorigin = 712
   yorigin = 684.2
   avec = -0.9428135363380656,-0.326168268924703,-0.06867966252373611
   bvec = 0.6903665873979796,-0.3266847485290371,-0.6455006197386557
   cvec = -0.21720520047951777,0.7574845534296307,-0.6156614753256585
/ 
