&Calibration
   pA = 126.57282000866341,  112.52426792225843
   pB = 138.9710773270972,  45.941584558274236
   pC = 87.2024295680138,  21.06811344427659
   pD = 95.8457054844873,  39.65894137685351
/ 
