&Xtlvecs
   xorigin = 769.8333129882812
   yorigin = 556.3749847412109
   avec = 0.08176813070157224,0.8869847108297392,-0.4545020303099365
   bvec = -0.5687747865431574,-0.717404977355113,-0.4022752051256644
   cvec = 0.7885149468717981,-0.33648272389041317,-0.5148043852601228
/ 
