&Calibration
   pA = 147.1463756869878,  73.2508963365365
   pB = 75.1831983495479,  34.537474338527254
   pC = 163.07513659798968,  38.045049072078676
   pD = 212.76574017392036,  18.019040380970615
/ 
