&Xtlvecs
   xorigin = 911
   yorigin = 288
   avec = -0.2698833952492053,0.8842588181780928,0.3811158556699578
   bvec = -0.38506271858891017,-0.3080102663023008,-0.8699749298717199
   cvec = 0.7527439775869041,0.44057055794179867,-0.48915650632645086
/ 
