&Xtlvecs
   xorigin = 916.4503816793895
   yorigin = 288
   avec = -0.29148091719888847,0.8766223827668429,0.382847323277932
   bvec = -0.40514533636539507,-0.3332769157867368,-0.8513423246996776
   cvec = 0.7144265738689812,0.46564321030021366,-0.5222749000776699
/ 
