&Xtlvecs
   xorigin = 911
   yorigin = 288
   avec = -0.28794886997317115,0.8687747884566073,0.4028843695446016
   bvec = -0.39658748666604177,-0.3055281846884509,-0.8656621129406624
   cvec = 0.7262753335295546,0.47232485900193366,-0.4994330460385434
/ 
