&Calibration
   pA = 101.80684999918304,  99.96028203094669
   pB = 141.95081744094838,  58.27034878541648
   pC = 147.91283975418347,  58.0108326938796
   pD = 85.2107445550493,  66.01793295967016
/ 
