&Calibration
   pA = 198.02887283661147,  70.02679424300862
   pB = 194.50956166654075,  21.885042239382358
   pC = 243.6625779885986,  18.14791428409338
   pD = 213.71832857155874,  21.746170840105574
/ 
