&Xtlvecs
   xorigin = 708.25
   yorigin = 678.1875
   avec = -0.9156954745507233,-0.40187286284013496,-7.014707225558477e-17
   bvec = 0.7431293559497368,-0.44909772452279945,-0.49605442660475596
   cvec = -0.23019049057109991,0.5245051606891338,-0.8196991365501749
/ 
