&Calibration
   pA = -65.02536933519951,  121.14098585928842
   pB = -24.153720967516975,  42.318001627221804
   pC = -31.829481516072374,  14.150547722607357
   pD = -58.189885099165565,  57.24290466199412
/ 
