&Xtlvecs
   xorigin = 510.25
   yorigin = 487.6875
   avec = -0.6156007793850742,-0.12118891792935435,0.7786840993571152
   bvec = 0.9562726845167514,-0.2840552809204524,0.06967890805924576
   cvec = -0.24565678811649488,-0.9093598418121377,-0.33573415160166803
/ 
