&Calibration
   pA = 97.50155385158331,  124.33349927486046
   pB = 169.35930851588097,  61.110464640712884
   pC = 133.5428607965636,  41.13552341703927
   pD = 63.314505325881406,  52.14229948311897
/ 
