&Xtlvecs
   xorigin = 849.8333129882812
   yorigin = 559.3749847412109
   avec = -0.007831502836425086,0.9421173227283516,-0.335191911863169
   bvec = -0.46725588306215093,-0.718101512924907,-0.515753969329146
   cvec = 0.8390083762264398,-0.17618566780195255,-0.514804385260123
/ 
