&Calibration
   pA = 479.87389706531206,  121.76822109539344
   pB = -1263.839161488913,  136.8449033733446
   pC = 726.6208242008363,  120.87178268961021
   pD = 1385.1511272520193,  50.84608097727953
/ 
