&Xtlvecs
   xorigin = 906
   yorigin = 183
   avec = 0.12822632938988823,0.9911331546502843,-0.034829272231431854
   bvec = -0.9043538714733073,-0.39329706324528335,-0.16571510249182547
   cvec = 0.20547201272839635,-0.06090701989755747,-0.9767658813208719
/ 
