&Calibration
   pA = 104.365593945734,  101.36737476320215
   pB = 139.7663930030431,  59.15017390197131
   pC = 149.4503301388083,  56.176426003648416
   pD = 84.37111085218622,  65.60679041747791
/ 
