&Calibration
   pA = -170.43630820361685,  98.40177278944257
   pB = 204.8750597221943,  142.74358361791948
   pC = 663.4129354146701,  95.35988605964423
   pD = 72.2018115138876,  84.07042700123023
/ 
