&Xtlvecs
   xorigin = 724.25
   yorigin = 648.1875
   avec = -0.9982850007852269,-0.03926666376131571,-0.04341873241235097
   bvec = 0.5371285421971072,-0.8402467248923537,-0.07401601492166382
   cvec = 0.03877032427784447,0.11224903742325028,-0.9929234691319088
/ 
