&Xtlvecs
   xorigin = 716.25
   yorigin = 648.1875
   avec = -0.9932135889630842,-0.036844808817535935,-0.11031421831418033
   bvec = 0.5365990833376889,-0.8436665313071875,-0.016976681455754948
   cvec = 0.10674387948948053,0.08782188006437193,-0.9904004551561425
/ 
