&Xtlvecs
   xorigin = 834.25
   yorigin = 457.6875
   avec = -0.5749314595238291,0.8180072473155051,0.017831438223251016
   bvec = -0.4126607364252699,-0.8979423263885726,-0.15300553941878048
   cvec = 0.12603329709033384,0.11007302107470991,-0.9859003692341464
/ 
