&Calibration
   pA = 35.02387280686323,  94.42588875171333
   pB = -48.70094376106521,  67.7614947896122
   pC = 29.77551804994123,  71.52186865743381
   pD = -137.17188295224278,  74.66984720536264
/ 
