&Xtlvecs
   xorigin = 924.25
   yorigin = 354.1875
   avec = -0.07179305237173672,0.9967959801442232,0.03526374341254504
   bvec = -0.8269735849788525,-0.559054314575131,-0.05977426789308822
   cvec = 0.046036065310347624,0.03862884542276586,-0.9981926131724504
/ 
