&Xtlvecs
   xorigin = 712
   yorigin = 684.2
   avec = -0.9021555672064457,-0.4068730746725767,-0.14342117578969998
   bvec = 0.8064327716649653,-0.40850477992204826,-0.42753950643841226
   cvec = -0.13321327200371078,0.5789283779098473,-0.8044228722585769
/ 
