&Calibration
   pA = 54.633012165506194,  131.33103915667704
   pB = 38.08923889584743,  39.88351528835877
   pC = 32.85053421100641,  16.10880544243932
   pD = 62.092608697570874,  59.2485259977548
/ 
