&Calibration
   pA = 56.330702328419264,  132.1372067469425
   pB = 20.010041281622495,  38.982778818154415
   pC = 33.23270608365921,  15.655949422173261
   pD = 54.909312994538965,  59.88929908968136
/ 
