&Xtlvecs
   xorigin = 203.875
   yorigin = 650.90625
   avec = 0.43773400841143834,0.7608602028759666,-0.47904142781141357
   bvec = 0.04390757628816158,-0.9230401749663368,-0.38218969130866637
   cvec = 0.846357862259463,-0.16889097810999046,0.5051279110330793
/ 
