&Xtlvecs
   xorigin = 209.4666748046875
   yorigin = 664.1000061035156
   avec = 0.3733636583126869,0.7914361952578715,-0.4839714118489965
   bvec = 0.0733164101534263,-0.912480898816608,-0.4024963519052677
   cvec = 0.877762761832106,-0.13255322923504093,0.4603935005625469
/ 
