&Xtlvecs
   xorigin = 610.25
   yorigin = 322.6875
   avec = 0.27023861241505326,-0.5804698935224112,-0.7681313657663428
   bvec = -0.09526684290501594,0.9871176608160444,-0.1285416366317611
   cvec = -0.9616930213179337,-0.12460877383299648,-0.2441704040874346
/ 
