&Xtlvecs
   xorigin = 608.65625
   yorigin = 330.4921875
   avec = -0.08167011236055043,0.9966594166248643,-1.1730530177048563e-16
   bvec = 0.2887271291565724,-0.4780164768157347,0.8295401694804636
   cvec = -0.9546706341042621,-0.07822938975347042,0.28720052743295177
/ 
