&Calibration
   pA = 41.31324910774905,  80.59381487649216
   pB = 93.50400594545823,  11.261468103894517
   pC = 81.54974366072857,  16.340237372471265
   pD = 169.9086450837822,  28.561211791748118
/ 
