&Calibration
   pA = 30.56439493796375,  79.69460574086722
   pB = 61.56738816350243,  16.38675399514577
   pC = 52.03760206158908,  12.73799821862636
   pD = 172.23239868432793,  15.796394487032495
/ 
