&Xtlvecs
   xorigin = 665.8333129882812
   yorigin = 409.37498474121094
   avec = -0.2732925983155405,0.930049418392909,-0.24559974562884315
   bvec = -0.22335703105396829,-0.7633152873575226,-0.6061859522993416
   cvec = 0.8674721659441788,0.1279520248144829,-0.480749748474182
/ 
