&Xtlvecs
   xorigin = 673.8333129882812
   yorigin = 415.37498474121094
   avec = -0.26220943831242216,0.8522361518815309,-0.45270271910608634
   bvec = -0.14758901200081437,-0.8760058492723416,-0.45916362614787654
   cvec = 0.9097724712320024,0.061872422250695926,-0.410470283885748
/ 
