&Calibration
   pA = 176.93946984880537,  65.06637355712208
   pB = 184.66086723564362,  18.43119289039581
   pC = 226.48350920109155,  24.60984205412345
   pD = 200.62948144688144,  24.398455347800805
/ 
