&Calibration
   pA = 179.2086880877607,  67.58064368942028
   pB = 179.4320148942564,  29.45948397956081
   pC = 227.14331791835224,  21.65351330722608
   pD = 207.8791322589631,  12.110282529826556
/ 
