&Xtlvecs
   xorigin = 712
   yorigin = 684.2
   avec = -0.9338657090036109,-0.33583136622148424,-0.12293140774022937
   bvec = 0.7484557063199745,-0.3983427102017524,-0.5302236706392794
   cvec = -0.14906827100158965,0.6780013786608511,-0.719786621933599
/ 
