&Calibration
   pA = 229.06691835561122,  113.55180689674431
   pB = 362.46213100905607,  32.32127773041425
   pC = 242.2242069207255,  55.75252503017127
   pD = 150.46136057131298,  62.974834016017084
/ 
