&Calibration
   pA = 159.20216637444497,  107.77256194473792
   pB = 212.43919181630383,  41.62427329095712
   pC = 119.26992856532019,  24.593983580975472
   pD = 137.1740814582337,  38.3412110801727
/ 
