&Xtlvecs
   xorigin = 789.8333129882812
   yorigin = 550.3749847412109
   avec = -7.599247724399127e-05,0.9222549561134004,-0.386582190678015
   bvec = -0.5890999199416822,-0.706554539465266,-0.3920994352020024
   cvec = 0.7329543063407491,-0.2629319416922898,-0.627411172082928
/ 
