&Calibration
   pA = 55.37786117054105,  99.0755356884955
   pB = 49.74504795784462,  66.05029068401882
   pC = 129.45803473640868,  61.59159808854302
   pD = 132.71618842364734,  68.00450494092523
/ 
