&Calibration
   pA = 55.377861170541124,  99.07553568849549
   pB = 49.74504795784462,  66.05029068401882
   pC = 129.4580347364088,  61.591598088543
   pD = 132.71618842364757,  68.00450494092523
/ 
