&Xtlvecs
   xorigin = 911
   yorigin = 347.3553631756756
   avec = -0.06762644365114105,0.9947223124727139,0.07716336687855825
   bvec = -0.8264256613562512,-0.5492168677341333,-0.12402200791871543
   cvec = 0.09351692860237501,0.08331967344120131,-0.9921252018180111
/ 
