&Calibration
   pA = 61.04169331928795,  130.78008804343204
   pB = 41.091967731786454,  39.44773948628673
   pC = 72.10352595858842,  15.708656222399267
   pD = 101.10303472452748,  64.1033097425303
/ 
