&Xtlvecs
   xorigin = 798.25
   yorigin = 433.6875
   avec = -0.5966650836408061,0.7831000188838302,-0.1753429165608213
   bvec = -0.28944082243542624,-0.9189779937061029,-0.267775012635254
   cvec = 0.4281986388649037,0.12588614820873942,-0.8948735124940346
/ 
