&Calibration
   pA = 176.9563127250609,  65.06291143871745
   pB = 184.6891276134479,  18.420433206758474
   pC = 226.4852182379637,  24.61549016691079
   pD = 200.62467284562996,  24.40811374573695
/ 
