&Calibration
   pA = 213.53880804438785,  146.61286255540324
   pB = 173.73376847434116,  57.22004548709907
   pC = 227.5825440960188,  51.23035972856614
   pD = 299.0027046136331,  84.25335751101692
/ 
