&Xtlvecs
   xorigin = 441.83331298828125
   yorigin = 511.37498474121094
   avec = -0.7783595355461622,-0.33930259315955114,-0.5282330770593286
   bvec = 0.9116083581841816,-0.3822471809810266,-0.1511862887989484
   cvec = 0.17391834478414434,0.6919184760962059,-0.7007148006031038
/ 
