&Calibration
   pA = 102.53200664423096,  105.9018581835342
   pB = 55.662538461114295,  32.959350035254474
   pC = 128.9475950373565,  30.35891253388519
   pD = 183.5281409465009,  41.343583530567386
/ 
