&Calibration
   pA = 153.35312392387456,  104.04258870523803
   pB = 93.0321517625833,  33.863912137108926
   pC = 196.0890661530912,  28.143225211343598
   pD = 285.78690295212704,  44.27265480067782
/ 
