&Calibration
   pA = -127.13054822054113,  105.78832311282699
   pB = -191.2864548624952,  56.34480141334629
   pC = -65.9638947178176,  10.760507328373086
   pD = -106.4601531097144,  43.46925311597032
/ 
