&Xtlvecs
   xorigin = 709.7939453125
   yorigin = 193.345458984375
   avec = 0.582626118283997,0.8067231173071775,-0.09871483320915782
   bvec = -0.9299900254270728,0.09530135010115365,0.35501578172674286
   cvec = -0.3415686118617767,0.13283404399928078,-0.9304224847592711
/ 
