&Calibration
   pA = 340.7466539891982,  99.39601845935518
   pB = 300.9073692824582,  58.16556217791615
   pC = 159.72327360550167,  36.877461779259534
   pD = 331.2147603696888,  31.14797573492145
/ 
