&Xtlvecs
   xorigin = 530.65625
   yorigin = 526.9921875
   avec = -0.3367579065323371,-0.7007032200158172,-0.6289746496063434
   bvec = 0.9164208617850351,0.381555295796279,-0.12078228485579856
   cvec = -0.3748402102059308,0.7125424694597222,-0.5931087978010562
/ 
