&Calibration
   pA = -9.042143679570556,  83.40632178225074
   pB = -215.40553324340277,  71.99815942259758
   pC = -186.31335879911578,  66.36005802577874
   pD = -31.268125979276185,  75.96484751737972
/ 
