&Calibration
   pA = 77.18908866273999,  88.59695097721045
   pB = 33.03674558672695,  66.91320784927453
   pC = 136.3616889082381,  61.41835499617213
   pD = 106.44518427094134,  66.67650089503267
/ 
