&Xtlvecs
   xorigin = 875.5999755859375
   yorigin = 527.6999816894531
   avec = -0.8231464456881846,0.5663868744001528,-0.0404454874879047
   bvec = 0.47816503128251503,-0.12578735301472335,0.8692155915997717
   cvec = -0.5625987057244053,-0.8038472127146657,0.19316406220642363
/ 
