&Xtlvecs
   xorigin = 876.25
   yorigin = 518.2231750488281
   avec = -0.7556293595316335,0.5857249301770769,0.2931732886585541
   bvec = 0.7184453940564588,-0.25141677639167315,0.6485567209642338
   cvec = -0.5237542932103526,-0.8090957788504699,0.2665435442663648
/ 
