&Xtlvecs
   xorigin = 878.5999755859375
   yorigin = 514.949981689453
   avec = -0.8230750345814393,0.5670557323575995,0.031548119581819294
   bvec = 0.5449177229556628,-0.13682959108615297,0.8272498644375904
   cvec = -0.5466508164247071,-0.806073167386296,0.2267574336643125
/ 
