&Calibration
   pA = 109.1225478432048,  116.12937832290054
   pB = 80.8334652111339,  74.92402698606936
   pC = 100.81494015745342,  83.28368678242053
   pD = 112.45271654265032,  96.08272210478579
/ 
