&Xtlvecs
   xorigin = 384.65625
   yorigin = 624.4921875
   avec = 0.005503949249668077,-0.9996977855157104,-0.02395921905326332
   bvec = 0.8606062371511896,0.50622273401729,-0.055636751707221974
   cvec = -0.07822938975347025,0.023455699345458506,-0.9966594166248647
/ 
