&Xtlvecs
   xorigin = 607.7425944841676
   yorigin = 30.229826353421856
   avec = 0.9030833218132982,0.4214114469888649,0.08278228197754608
   bvec = -0.6637262597251742,0.36421135725196463,-0.6533127424135494
   cvec = 0.3527191166187162,-0.6178237553716048,-0.7027681211254818
/ 
