&Calibration
   pA = 48.44033996682262,  87.18610968897687
   pB = 121.79931888262368,  24.862413045911232
   pC = 119.1726145255965,  20.7628754821996
   pD = 80.12390436569011,  33.020940890710726
/ 
